5 0.500000 0.500000 1.000000 1.000000
2
 
0
.
1
6
6
0
1
6
 
0
.
5
0
0
0
0
0
 
0
.
3
3
2
0
3
1
 
0
.
9
2
1
8
7
5
4 0.666016 0.500000 0.667969 0.921875
5 0.501953 0.500000 0.328125 0.886719
2
 
0
.
3
9
6
4
8
4
 
0
.
5
0
0
0
0
0
 
0
.
1
0
5
4
6
9
 
0
.
8
3
2
0
3
1
2
 
0
.
5
5
4
6
8
8
 
0
.
5
0
0
0
0
0
 
0
.
2
1
0
9
3
8
 
0
.
8
3
2
0
3
1
4 0.830078 0.500000 0.328125 0.886719
2
 
0
.
7
4
8
0
4
7
 
0
.
5
0
0
0
0
0
 
0
.
1
6
4
0
6
2
 
0
.
8
8
6
7
1
9
0
 
0
.
9
1
2
1
0
9
 
0
.
5
0
0
0
0
0
 
0
.
1
6
4
0
6
2
 
0
.
8
8
6
7
1
9